31	1000
136060
236856
7768
329621
82036
264104
44759
161875
75784
298878
170904
226469
134789
165733
103620
335114
239598
72716
132273
165208
202427
77048
295755
271157
331937
232009
54788
272156
165078
256519
73157
301138
93223
80925
230607
111535
281305
275367
273410
293365
174093
107886
183406
308882
273619
287026
243844
113065
296019
39690
278273
162018
53014
173876
33023
321228
5734
87811
193232
170812
280606
266389
135522
310105
283590
302406
85212
228467
241345
294898
185404
15286
66356
305087
324168
276252
191961
231585
52889
151552
207551
267439
249846
260565
104887
219145
245365
110621
243232
102169
281433
123686
304834
16804
97363
251996
255486
118851
144035
96679
13597
265716
111965
79954
234375
99705
292482
89908
267566
281647
177737
138689
212658
27431
335531
253822
246577
180744
28015
153381
282914
245725
277068
187596
198805
310707
103165
54139
29407
183476
150818
43004
112764
262783
59234
283415
298764
15288
309600
229903
296936
150909
304868
109442
114616
240247
26836
24765
84564
327556
114423
303754
173129
55063
154922
35506
302046
258087
89645
331453
105136
176739
38030
154176
103094
33540
37440
65430
48829
10612
231609
282041
97797
136326
55055
148689
40145
81892
173455
124709
73020
287878
28311
246149
279217
183234
217931
181111
104893
243852
176137
146305
20439
150443
236758
123533
120259
210474
125239
169088
157362
20421
50977
255159
93023
106033
67420
69444
124201
177151
130430
197221
64877
158741
43218
7666
5547
197425
125054
110441
41125
301191
193022
61564
51482
29628
121373
171741
240102
246612
277106
61036
203309
328083
252471
232608
33964
256168
302053
158165
96891
96055
291662
98045
254796
271156
41987
260344
68429
167041
307061
109554
68080
99931
107394
119562
129560
165043
227580
305938
75228
104534
30547
214813
96189
219294
110994
66430
139034
76619
224595
172202
108950
179830
270247
27318
114558
312234
223938
119264
79124
130847
165094
147204
230779
272489
203043
296615
101104
94195
266125
112608
135005
232948
263698
167470
115815
310968
233900
254849
51159
122068
26899
96385
238174
233422
123703
289008
145505
283918
71844
224629
78337
236939
35405
309116
109276
238448
269303
146656
268919
135277
195541
67496
31797
122811
234967
147612
97351
132439
2310
84786
190783
301913
181171
92529
198908
241150
317814
7985
188640
53230
232614
266978
290169
268019
175942
335721
170040
45094
145950
38807
180371
5063
106304
148444
64150
277547
296057
161501
9834
234643
182563
200618
200128
27306
229423
62608
204732
210809
70593
56945
264040
303207
260199
154057
171075
35989
153351
277391
81083
235577
316198
197730
240640
22350
9747
241066
299897
242080
66139
309732
140295
184978
110198
3995
148560
3193
2880
16864
214003
73473
10085
77891
312957
206560
168224
83880
242550
257851
24843
259909
157000
277317
121212
333916
235944
130959
238554
199413
36611
240969
108993
113182
89519
219191
117177
174355
158661
56333
191220
308940
66083
137581
50403
42612
7714
218627
62768
186540
76327
23887
110021
233327
301204
231233
167092
136996
298468
69218
336410
271355
246464
45251
48109
272259
200719
101563
110187
22952
157896
237683
331892
223979
311540
318571
202867
255530
200770
265635
105642
277097
225798
215664
110273
126851
46745
277365
263847
8786
282859
200105
280141
129171
245357
328251
65003
109648
93386
111466
68876
187558
285425
616
75110
260537
319187
214253
179640
119805
79737
221558
333179
305535
100794
107024
95958
147540
320665
23378
156326
203372
223483
36315
332544
68688
28138
61119
114612
57800
108861
183488
245359
57858
184104
256745
318395
103139
70846
97883
222945
150583
319442
219696
119691
20084
262996
151925
167624
247233
175303
260226
114177
335063
296542
110293
67323
260956
107688
118212
255033
216549
301700
100240
210683
85653
293261
128927
188792
27679
226810
75309
178263
146100
231281
234230
166185
157849
49727
270085
4930
161307
130160
119108
159942
26550
165677
163541
287506
209642
281753
142387
26039
183302
242627
236723
205231
199460
29222
57595
163416
192308
69181
5251
1981
300462
239481
104442
58160
289208
38099
63090
114087
168259
118474
210305
131085
220428
310123
18440
93642
191724
160827
119681
38598
3303
19976
243829
139039
321902
237701
302455
177783
243158
307706
116040
143468
147035
220482
201628
99816
194857
264719
150179
26689
319469
296761
94050
203469
270456
112490
297111
125752
273318
16641
100627
212897
36617
8028
15508
22092
182005
317964
136151
88735
225518
252191
232204
36126
136245
33680
72218
331102
234675
158673
294067
217717
119006
51690
84758
53034
164180
318146
178787
37346
334787
279414
250243
307680
223718
202028
266048
5572
183564
65771
30583
8930
254238
199063
45056
54055
232744
117274
321434
130991
275948
215349
284984
331230
267039
306019
47837
31068
287737
162900
4690
286096
42162
191210
257348
202156
56810
123245
207728
176650
189016
238312
185580
106827
100947
166913
97158
269967
284187
82164
807
159983
233790
285791
91062
100677
255382
138899
68021
142967
238075
72712
92635
216513
263922
286260
82241
257008
73077
226246
97230
198369
64406
219086
241472
101629
49571
2203
35169
270035
20643
35976
29866
254433
258043
120928
18683
176998
196103
86704
319965
97750
95692
12449
250539
295890
234985
332781
216470
244338
222599
249976
106279
223281
132635
11324
324910
182206
286231
23651
115813
306874
332331
145680
161156
253947
202884
179839
30793
62560
202819
287034
96586
298512
235759
10698
257974
134316
7051
74293
314930
165926
324269
21058
325483
56752
305086
313965
175235
254889
273893
291048
161611
269796
36576
322767
123591
175737
102454
154384
238297
241550
41267
271159
203634
277026
281857
61456
11191
225184
72025
262397
327386
332571
283455
316441
52895
252113
293979
228130
106850
231444
119027
268462
101088
91879
191077
224680
267616
229808
315340
105761
134930
292883
40493
274840
233482
322350
272572
180949
147383
8170
106918
138341
4313
326650
54631
329912
242335
12182
221615
12758
179902
276918
217496
217266
32369
8421
41794
236262
238229
20707
5595
309435
313590
318792
184123
146920
240991
120268
264145
51946
64714
307340
126563
5303
297562
181194
335215
139745
193376
156678
88779
309554
97168
306275
190393
129538
314697
232187
302076
152774
189170
307671
62058
102609
226312
246181
185805
130875
302725
113523
182821
31011
20711
309384
309018
318273
154151
307806
57866
283803
128056
146646
193206
225225
116493
319875
291039
31038
151910
256687
120089
4653
164206
182147
43538
54090
28176
229343
184965
330902
279142
304062
298189
299853
213295
270780
217974
303722
178434
275841
187373
306490
86059
44151
195287
138828
27598
86174
106143
179509
6433
226232
120438
106916
8227
163976
161006
36403
56891
282248
303581
272310
186158
201619
235735
335729
72247
53558
303023
250681
329399
153969
220743
