32	1000
546486
574493
115773
476108
474613
743627
659526
485694
324558
351192
317666
106402
40971
303181
674417
323685
11844
353067
26213
628817
545764
191335
188311
87385
624606
642332
480083
645081
606286
357892
829141
468941
248554
261083
96176
723167
155837
71872
359988
645437
423064
842696
751839
629078
297004
577384
103890
473891
246620
130103
418877
108553
321439
772230
195939
262214
565689
676022
223465
488144
350083
203733
108212
598637
464816
204389
472932
785695
441303
149089
747302
15494
142913
815310
644572
604959
708863
64631
395019
106611
194735
130066
380206
681216
53423
741187
94557
784155
733378
483064
423426
234588
686797
531639
149395
467782
52197
787369
569647
658542
252627
468076
839078
395540
434513
634778
316669
294504
15578
27857
566157
210313
157923
97490
207698
211347
154847
467298
311671
39352
101489
735097
273941
104456
582905
588378
737280
800144
526874
458054
609813
779501
242299
600019
491211
841855
550966
124049
287486
731586
151906
169812
93027
309830
432344
465767
686219
587191
84192
149017
791586
185682
200283
381696
455180
99358
121201
343587
215671
813117
801642
141654
59914
360110
57842
716167
353092
608808
840216
805620
491521
143250
126559
749590
618122
723946
366485
620510
627306
615719
769527
570019
117570
285979
102842
572750
550379
389085
67465
766051
353329
185276
58832
578286
545386
116674
445580
214648
41651
436924
171395
698214
745216
462997
763974
679507
338070
281586
451144
281545
213474
536840
167734
331045
822819
435618
54922
689368
824704
287429
606546
494202
637747
665378
223615
499303
98221
669196
713951
139872
422289
36473
838086
483674
664512
753187
314308
318751
350942
81621
600297
729459
618461
768031
211631
757449
519818
431595
597944
495649
35194
355617
140979
672941
337164
364594
488413
435385
349959
353491
575257
88417
555007
729513
572091
370646
798869
202568
689398
300939
284189
605864
181525
53777
690064
558198
811227
361009
140920
560298
7786
341156
232085
313807
165225
569249
843443
818680
155762
344530
488341
47188
432947
194475
776701
156166
730163
726698
358734
735730
343806
642924
657763
690373
12870
498954
399698
824097
176133
705660
700565
348961
197944
83777
662768
528211
818068
657338
498018
124957
318037
137486
172146
750985
497003
265016
223320
543336
142841
747096
430193
651689
706189
239084
493189
719060
54207
44014
10453
230340
65844
27187
579301
428830
276006
558238
108168
245202
531746
771228
535201
910
59842
707347
751895
721887
288533
291384
416350
431374
189608
846544
234191
211966
401797
43549
247195
621046
252606
257649
2514
318450
449878
746857
747280
725885
621265
171617
122214
304138
93972
657415
305048
318856
680932
373113
191871
120592
664497
608221
717008
170274
770934
267368
382241
488900
310918
794478
261074
563524
203254
428630
198143
653133
326614
261592
530145
264048
433209
817401
568186
527181
625943
189404
846038
623044
562517
354078
743636
543183
113426
776814
29627
200530
195309
576910
689430
506227
522515
266673
385920
725770
695303
749105
695072
338087
161824
541386
602135
595033
674956
321449
273342
617068
510853
435549
391240
389539
789627
451045
248891
219222
378986
278518
419752
574296
6555
425352
396692
529071
692025
98782
571010
538456
847887
582251
27670
160839
439806
794847
72041
265889
267423
510425
34084
94445
97101
425324
483984
202897
192539
49045
422120
571525
327563
158041
461990
499161
748435
174852
344401
756630
273634
231580
611255
437690
813831
803967
763571
569806
749941
835613
835695
168492
497165
185948
427979
759309
611273
228133
113333
119981
277178
700495
691506
604741
9664
469666
255029
74268
644518
599430
830898
234321
831010
593280
672011
112137
548374
586710
681943
449443
573450
833807
782977
386784
170883
362083
297220
98325
590216
410554
218306
18521
427218
225981
788305
601924
695647
359503
676193
656334
110061
658218
41782
257240
567668
29963
534420
267169
616673
532532
32781
506292
517467
815758
209245
4519
328969
506466
102844
235354
233189
486192
418918
825449
712173
358350
578501
723990
717853
405821
531451
144083
380208
573234
566366
99003
603197
251913
366173
536039
100614
563996
358500
783123
530882
732787
787642
176020
555422
206655
411374
788611
692847
146461
765188
721190
504811
659858
596307
538834
216806
443927
682917
762056
168288
400410
12187
87654
817365
543402
788735
69107
258525
463404
168399
789407
347319
107169
281596
53868
478866
9140
158649
487883
155601
240006
525242
825455
50991
272676
515416
432839
716603
349460
346022
201061
66040
358209
453757
199574
217780
393620
268681
476306
173193
602123
581882
520512
709292
179648
739423
504327
188788
214241
143337
344389
454247
668579
320971
670280
257424
152556
254246
290197
502017
600268
656300
733099
274647
261184
83800
657469
819846
517524
449944
144167
270774
182954
829721
296235
527644
36440
800562
716432
250681
260069
376990
21097
244817
14131
691377
502242
166687
96750
108608
833746
13188
764908
717972
287835
342261
801773
261473
313235
635466
711418
457402
57367
210541
603292
353602
738185
639733
470333
605744
41541
730402
298903
62639
126347
313034
754016
793631
644764
166936
218408
629637
180124
134443
498737
633001
476704
616679
45601
106108
403272
757019
728552
625681
118687
482972
295452
173041
273832
765785
778785
480415
647315
393858
708096
89831
706892
778282
199631
502783
96345
418039
448590
441511
717524
98454
390681
510397
31302
436282
616506
599616
509471
496185
376424
793200
295326
836918
117369
569158
753830
212323
365743
717314
606181
224966
123314
629243
319417
322945
448195
580804
57153
47912
338484
90846
311408
729165
601244
342710
481617
533919
258495
142215
346273
799961
251584
641600
788006
368953
526927
692964
581277
43797
726447
503627
433806
889
283997
69392
323834
732193
650197
546030
780105
139808
636876
242641
185143
389247
750393
666760
239335
325058
808975
585609
276146
376728
543378
215280
745682
221432
224413
643128
430272
101987
297882
180247
102876
581880
249639
591753
465200
216005
288910
561474
520856
76913
120284
705999
631203
186847
523886
186707
511905
649030
772316
788051
176885
631863
319500
238736
4423
543913
32991
599737
645901
330874
779984
64946
228923
180750
656699
10292
561798
96736
571766
233781
338692
8220
90907
286064
195067
779835
472771
23141
579992
561257
811192
73046
344247
446862
311783
513712
141902
344774
264576
103972
675648
195687
168919
55698
541480
825618
65990
419447
238524
802799
653228
742258
811019
60304
179449
322255
840139
817262
345396
571258
529646
472757
644304
190063
70746
272256
703775
212649
617031
119479
481663
608848
480208
650582
829589
337857
792370
211748
757304
347063
165674
726701
240448
292862
787005
584939
780159
778271
553328
276682
665698
399144
65609
626172
589207
136355
49555
444109
514046
831628
728630
146837
591604
525008
113588
572320
179034
57085
100237
87466
569190
430954
130336
809638
723816
68469
710746
820145
162909
415202
412996
828608
814346
478605
605907
