41	1000
33623	0
122774	0
33778	0
8647	0
50364	0
121025	0
72864	0
86012	0
59099	0
61520	0
60301	0
26866	0
12509	0
10043	0
80090	0
141914	0
119087	0
12385	0
9848	0
84052	0
20589	0
139480	0
49612	0
80799	0
7399	0
183509	0
7662	0
172706	0
46630	0
64486	0
113716	0
18120	0
3169	0
85362	0
26767	0
175491	0
22296	0
37498	0
77413	0
81395	0
99018	0
75581	0
108261	0
111528	0
23491	0
4260	0
7218	0
142578	0
138604	0
17066	0
164498	0
159193	0
156546	0
30019	0
177859	0
163946	0
151395	0
1430	0
90428	0
135892	0
65916	0
20054	0
154012	0
6952	0
105416	0
118646	0
120311	0
65579	0
156145	0
135591	0
84841	0
71072	0
27081	0
130969	0
120467	0
172530	0
73096	0
127686	1
131018	1
27609	1
82619	1
49292	1
2711	1
55075	1
79311	1
180570	1
156888	1
46615	1
119868	1
63225	1
120374	1
123651	1
21146	1
90295	1
68471	1
64429	1
146808	1
4691	1
67875	1
118862	1
140282	1
152716	1
127802	1
105230	1
99594	1
2045	1
93669	1
172691	1
129731	1
162554	1
138167	1
28260	1
27755	1
140879	1
21202	1
107066	1
75225	1
178090	1
91548	1
132960	1
179182	1
149789	1
72521	1
138196	1
177951	1
78859	1
140492	1
140669	1
21417	1
24277	1
13307	1
161699	1
114860	1
78976	1
20705	1
152322	1
81022	1
114374	1
78789	1
26662	1
92838	1
32865	1
176880	1
58460	1
111611	1
135949	1
103394	1
124704	1
129948	1
10851	1
73573	1
62907	1
160641	1
83961	1
138970	2
154501	2
162820	2
95371	2
48946	2
146	2
57515	2
62254	2
99712	2
172376	2
141230	2
120417	2
78474	2
160119	2
172659	2
157263	2
124649	2
19273	2
6037	2
117438	2
77733	2
55516	2
69297	2
181127	2
180220	2
137112	2
129846	2
69702	2
137886	2
44263	2
153664	2
92765	2
136631	2
70260	2
4046	2
1487	2
8274	2
183519	2
1608	2
107986	2
171804	2
80705	2
166271	2
66187	2
56734	2
154839	2
161317	2
181383	2
174112	2
167355	2
52597	2
67754	2
38780	2
121894	2
2658	2
34909	2
12783	2
132504	2
42478	2
150669	2
176767	2
134009	2
59344	2
129307	2
20179	2
1257	2
68661	2
150411	2
685	2
70269	2
74306	2
110357	2
88842	2
178444	2
114411	2
145576	2
149192	2
192228	0
190623	0
195623	0
194653	0
193688	0
190305	0
190080	0
195826	0
196538	0
188979	0
184530	0
192154	0
186708	0
185381	0
189985	0
193540	0
190990	0
199820	0
199823	0
192745	0
198386	0
200273	0
186366	0
192811	0
194889	0
187435	0
192051	0
194518	0
185354	0
189764	0
189668	0
193491	0
195272	0
200177	0
187797	0
188614	0
190135	0
193786	0
199325	0
185302	0
198674	0
199764	0
192341	0
200268	0
200030	0
198235	0
192437	0
190674	0
196684	0
191913	0
199328	0
194723	0
190815	0
184323	0
186164	0
184333	0
187667	0
193100	0
194760	0
188931	0
198774	0
199314	0
197307	0
192675	0
199144	0
199990	0
197198	0
187908	0
193429	0
195152	0
189119	0
190733	0
194569	0
197369	0
189630	0
194253	0
194233	0
197976	1
199812	1
190570	1
188518	1
197769	1
184947	1
194218	1
198002	1
185996	1
194460	1
184298	1
195005	1
187850	1
188114	1
193432	1
185793	1
185075	1
185761	1
184590	1
184718	1
197844	1
187383	1
193032	1
192650	1
191387	1
198650	1
185848	1
187385	1
187933	1
196010	1
197527	1
185562	1
194451	1
186726	1
188965	1
190850	1
186558	1
199092	1
188505	1
188463	1
192182	1
187688	1
199378	1
195941	1
191712	1
191439	1
197643	1
192696	1
192085	1
197118	1
193323	1
189583	1
199386	1
184984	1
197118	1
190426	1
199544	1
198875	1
192696	1
187130	1
193515	1
189876	1
187578	1
187619	1
191487	1
191428	1
193354	1
193955	1
190174	1
197768	1
198327	1
197241	1
200342	1
196334	1
191811	1
191707	1
186403	1
188083	2
200312	2
194397	2
200086	2
192264	2
198865	2
199125	2
193157	2
195636	2
188180	2
191330	2
193141	2
196785	2
193346	2
186309	2
185290	2
195809	2
188813	2
192686	2
186890	2
198077	2
186294	2
191949	2
194474	2
199507	2
188843	2
194469	2
194470	2
196563	2
184805	2
196782	2
199531	2
184770	2
190833	2
199270	2
191919	2
188327	2
198048	2
199962	2
198849	2
185881	2
189921	2
191643	2
197551	2
199176	2
193861	2
198750	2
194638	2
197559	2
191090	2
197438	2
195289	2
192269	2
189040	2
188393	2
191429	2
192769	2
197747	2
185553	2
187961	2
198462	2
198244	2
187146	2
198117	2
187706	2
186069	2
188666	2
190919	2
199003	2
188281	2
189421	2
199769	2
193087	2
196973	2
196974	2
191917	2
190487	2
202337	0
203278	0
203073	0
203041	0
201088	0
202284	0
203990	0
200434	0
201654	0
201913	0
200795	0
201179	0
202250	0
204045	0
202770	0
202262	0
201819	0
202842	0
203735	0
202864	0
200561	0
200453	0
203317	0
202342	0
204573	0
201237	0
202006	0
204422	0
200366	0
202161	0
201239	0
202357	0
204440	0
203966	0
204398	0
200666	0
201388	0
203526	0
204615	0
202042	0
204440	0
200548	0
202874	0
201175	0
203594	0
200783	0
203090	0
200551	0
202625	0
201964	0
203068	0
202839	0
202070	0
201523	0
204181	0
201782	0
201761	0
201325	0
201342	0
201780	0
202487	0
201582	0
203137	0
202065	0
200686	0
202674	0
201731	0
201074	0
200685	0
201485	0
202769	0
204125	0
201033	0
204643	0
200439	0
204280	0
204426	0
203182	3
204485	3
202189	3
204799	3
202038	3
204028	3
201355	3
202562	3
202694	3
202790	3
203976	3
203020	3
203132	3
200894	3
200645	3
204367	3
203032	3
202363	3
204053	3
200844	3
203094	3
204127	3
200529	3
204232	3
201381	3
204308	3
200404	3
201163	3
204400	3
203684	3
200727	3
202720	3
203307	3
201917	3
202005	3
204346	3
201083	3
203013	3
202046	3
202778	3
204803	3
201160	3
200936	3
203073	3
201054	3
201234	3
201926	3
203739	3
202597	3
200464	3
204236	3
204691	3
204245	3
203766	3
203409	3
200764	3
203212	3
203466	3
201580	3
202750	3
202288	3
201308	3
204470	3
204596	3
202878	3
201613	3
204080	3
202961	3
203626	3
201264	3
200877	3
202914	3
201424	3
201466	3
200473	3
202131	3
201700	3
202052	4
201009	4
203297	4
201516	4
204245	4
203127	4
204761	4
203149	4
201674	4
200664	4
200846	4
204140	4
201244	4
203249	4
200913	4
202205	4
202205	4
204509	4
204083	4
202818	4
203074	4
202183	4
201583	4
203338	4
202713	4
203497	4
204415	4
203180	4
203623	4
201032	4
203880	4
204675	4
201694	4
201663	4
201330	4
200424	4
204443	4
201229	4
202574	4
200602	4
200893	4
203073	4
203742	4
201791	4
200808	4
203655	4
202996	4
202666	4
202650	4
201565	4
204484	4
200862	4
203401	4
200552	4
203854	4
200599	4
203703	4
202754	4
203432	4
202464	4
203439	4
201798	4
202278	4
204133	4
203114	4
203261	4
203558	4
202042	4
203490	4
200617	4
201644	4
204037	4
203343	4
204386	4
204828	4
203151	4
203179	4
212057	0
267332	0
231104	0
318735	0
230297	0
317511	0
257794	0
308760	0
258082	0
297811	0
225550	0
217974	0
295018	0
247283	0
275649	0
304978	0
333180	0
306759	0
313843	0
280249	0
318051	0
322558	0
306387	0
331577	0
211085	0
231576	0
248894	0
307901	0
221704	0
310088	0
282377	0
228900	0
240993	0
308619	0
279377	0
334598	0
226306	0
332310	0
243534	0
279526	0
230297	0
264223	0
229243	0
257057	0
306644	0
300030	0
293778	0
303396	0
206965	0
271193	0
315387	0
320155	0
257324	0
221950	0
315304	0
331717	0
248665	0
227770	0
239795	0
333677	0
269601	0
253914	0
294319	0
242336	0
226105	0
237269	0
240506	0
315720	0
301321	0
215782	0
326988	0
326756	0
275143	0
219803	0
247385	0
313529	0
314971	0
272905	1
217101	1
317075	1
207671	1
264230	1
237406	1
328303	1
281319	1
216282	1
323592	1
261726	1
307361	1
295129	1
258975	1
308704	1
212615	1
216867	1
214612	1
302029	1
249274	1
318426	1
281321	1
282337	1
329346	1
271881	1
272665	1
336232	1
223427	1
251792	1
313333	1
333536	1
319836	1
262177	1
250787	1
259249	1
321545	1
283331	1
251124	1
334606	1
231356	1
306458	1
259904	1
270459	1
333330	1
314018	1
242735	1
209517	1
262627	1
320655	1
243288	1
243643	1
302653	1
256351	1
321118	1
232175	1
259975	1
325525	1
300149	1
278540	1
309059	1
277055	1
212252	1
229071	1
270974	1
258178	1
283458	1
256091	1
205081	1
266324	1
322440	1
299745	1
236355	1
245916	1
233776	1
233257	1
291676	1
271649	1
306082	2
286045	2
324046	2
212943	2
324826	2
226875	2
332602	2
309516	2
254189	2
256149	2
298613	2
217910	2
329827	2
271245	2
226707	2
205652	2
295454	2
292819	2
327138	2
310655	2
280653	2
263961	2
240551	2
266665	2
227279	2
208648	2
244323	2
256193	2
237043	2
267742	2
259585	2
274868	2
217359	2
247203	2
219553	2
205758	2
269217	2
215727	2
310412	2
255148	2
267015	2
209202	2
336366	2
328584	2
275585	2
294816	2
265978	2
302781	2
251207	2
256688	2
213612	2
263602	2
315788	2
249302	2
325405	2
274809	2
321258	2
301471	2
326140	2
221874	2
232785	2
317467	2
291880	2
245282	2
228243	2
306571	2
246178	2
229202	2
254040	2
288333	2
216092	2
316193	2
292673	2
216030	2
308350	2
300000	2
242588	2
237900	5
334523	5
225538	5
226331	5
211708	5
284278	5
205691	5
324318	5
209860	5
275638	5
309148	5
306469	5
333520	5
262764	5
334392	5
314560	5
286386	5
243246	5
274545	5
324699	5
221167	5
298885	5
242312	5
304638	5
246719	5
222077	5
329053	5
257887	5
262169	5
292625	5
295614	5
231812	5
290720	5
316290	5
253281	5
234170	5
332310	5
322280	5
222060	5
205742	5
329660	5
262951	5
243953	5
326752	5
320853	5
241917	5
241488	5
270812	5
216906	5
311171	5
327253	5
233211	5
210232	5
233137	5
269591	5
252089	5
318523	5
262216	5
241719	5
312434	5
218413	5
269075	5
207818	5
240875	5
317107	5
256237	5
270184	5
249593	5
310259	5
223986	5
250474	5
303491	5
218679	5
289565	5
230420	5
334671	5
