42	1000
37808	0
34308	0
14631	0
17899	0
8264	0
41164	0
7492	0
56990	0
35051	0
53500	0
11660	0
46155	0
48109	0
41815	0
9463	0
9233	0
17936	0
14790	0
58231	0
32589	0
47819	0
44934	0
9745	0
42881	0
5247	0
10210	0
24146	0
11057	0
18193	0
42694	0
3183	0
56001	0
41510	0
17814	0
38407	0
49774	0
23486	0
10406	0
12676	0
23044	0
5311	0
24336	0
10604	0
17927	0
7556	0
43169	0
50262	0
48594	0
22466	0
14405	0
22588	0
11691	0
745	0
32334	0
19079	0
29094	0
7051	0
43225	0
40151	0
25244	0
50427	0
43335	0
45752	0
33342	0
25656	0
48666	0
47623	0
49142	0
477	0
1704	0
36693	0
28890	0
26041	0
47297	0
11324	0
56699	0
54974	0
26093	0
11206	0
41947	0
40499	0
33794	0
53638	0
5751	0
30635	0
14122	0
34845	0
37687	0
21855	0
16401	0
27438	0
13687	0
24243	0
14596	0
11536	0
49900	0
27769	0
564	0
4954	0
28247	0
25370	0
41648	0
21644	0
51411	0
53452	0
32969	0
14023	0
14338	0
467	0
25229	0
56286	0
5473	0
23530	0
51329	0
11224	0
54166	0
29959	0
46069	0
56360	0
16321	0
26978	0
25203	0
30008	0
51221	0
4306	0
41544	0
42526	0
32076	0
6615	0
11988	0
1728	0
31985	0
53636	0
23372	0
47904	0
48493	0
20848	0
26434	0
27339	0
21316	0
16170	0
25030	0
26789	0
39700	0
40866	0
2521	0
58373	0
12230	0
48590	0
56138	0
28551	0
40075	0
22747	0
23066	0
32702	0
50155	0
29117	0
39735	0
23636	0
35732	0
51723	0
25364	0
32225	0
11271	0
13244	0
21534	0
24272	0
57194	0
12475	0
51611	0
43017	0
28645	0
18046	0
34314	0
9750	0
317	0
36835	0
32631	0
35650	0
49932	0
53276	0
28708	0
31413	0
17428	0
51775	0
5520	0
8989	0
45399	0
45255	0
55727	0
45639	0
2891	0
22497	0
19269	0
14162	0
248	0
5310	0
38434	0
57442	0
17785	0
31450	0
41865	0
46430	0
14003	0
17584	0
20687	0
14321	0
18926	0
53318	0
14478	0
10263	0
48000	0
43186	0
41676	0
29935	0
873	0
47196	0
3431	0
46273	0
56959	0
564	0
33317	0
1255	0
46163	0
17093	0
38519	0
10918	0
22403	0
41461	0
32867	0
40188	0
14316	0
39239	0
28023	0
28320	0
56823	0
48710	0
7148	0
17154	0
7941	0
44728	0
27418	0
20448	0
29319	0
33601	0
14890	0
53295	0
22203	0
41424	0
5480	0
43669	0
41988	0
3304	0
9431	0
52658	0
20397	0
47950	0
4981	0
42800	0
30816	0
2355	0
24393	0
9640	0
41595	0
16923	0
2467	0
4330	0
30140	0
32717	0
21485	0
2588	0
18850	0
13410	0
23036	0
12676	0
11518	0
37927	0
7376	0
33721	0
20756	0
12856	0
41897	0
27251	0
16160	0
51328	0
44416	0
36557	0
40684	0
13904	0
43864	0
36007	0
16259	0
32764	0
10154	0
57854	0
49687	0
12621	0
3590	0
21233	0
45338	0
48177	0
46923	0
28695	0
26094	0
11365	0
41372	0
37612	0
13799	0
48748	0
35841	0
57657	0
26112	0
19143	0
49415	0
42272	0
11877	0
35236	0
43337	0
17068	0
13647	0
28606	0
17582	0
29906	0
2776	0
27737	0
52268	0
16970	0
4865	0
20365	0
2710	0
50204	0
9947	0
49634	0
43406	0
466947	0
460330	0
414442	0
467584	0
439071	0
389222	0
425287	0
383719	0
445020	0
421620	0
379127	0
395750	0
460844	0
430185	0
425334	0
431508	0
410595	0
449079	0
387762	0
410897	0
379767	0
381976	0
391941	0
461917	0
443298	0
392874	0
433272	0
425305	0
442294	0
464557	0
378278	0
427665	0
443311	0
418469	0
413674	0
470398	0
395707	0
426977	0
442133	0
466475	0
474345	0
447008	0
450241	0
453613	0
465209	0
394000	0
473137	0
463820	0
468827	0
448916	0
393141	0
436610	0
456640	0
480423	0
379219	0
418362	0
391721	0
400507	0
469415	0
459764	0
383488	0
473442	0
475445	0
414815	0
479927	0
477135	0
473229	0
463650	0
384805	0
433786	0
410817	0
377574	0
468810	0
379482	0
419204	0
452443	0
468822	0
480357	0
434687	0
418341	0
447697	0
415845	0
442967	0
422762	0
414692	0
447935	0
429140	0
394429	0
474190	0
416980	0
442209	0
445695	0
478438	0
398347	0
448526	0
439057	0
393906	0
440180	0
421131	0
404459	0
461982	0
457696	0
477374	0
449217	0
425194	0
377270	0
382352	0
374709	0
376051	0
442788	0
418798	0
411765	0
446649	0
380190	0
422543	0
449357	0
416141	0
477431	0
469534	0
408755	0
412835	0
392436	0
442466	0
479289	0
416531	0
409417	0
436770	0
398453	0
475345	0
445917	0
428661	0
418019	0
422037	0
386727	0
385660	0
435248	0
389745	0
393761	0
435705	0
391544	0
424565	0
480251	0
391325	0
459230	0
448457	0
439616	0
427011	0
383022	0
435472	0
377237	0
379794	0
436323	0
395421	0
448008	0
434037	0
399968	0
375849	0
458823	0
424170	0
439210	0
423165	0
478579	0
375654	0
433218	0
383730	0
387062	0
386890	0
468815	0
476163	0
410611	0
378783	0
381420	0
409287	0
465449	0
466398	0
445760	0
423489	0
411833	0
454531	0
377385	0
414819	0
460073	0
439457	0
398256	0
426505	0
461510	0
423973	0
390371	0
438757	0
473891	0
455329	0
449938	0
433162	0
418999	0
401581	0
404908	0
431810	0
376487	0
392147	0
388665	0
412847	0
466270	0
395834	0
410150	0
450143	0
380656	0
374334	0
392057	0
380506	0
416881	0
464782	0
383341	0
395378	0
422663	0
407345	0
409900	0
472189	0
457066	0
426019	0
391639	0
411649	0
469364	0
467325	0
470559	0
406788	0
456922	0
393891	0
426614	0
421426	0
481378	0
441027	0
460021	0
466073	0
424877	0
458187	0
396908	0
393550	0
420537	0
414713	0
399804	0
463167	0
397920	0
478485	0
376969	0
408599	0
404254	0
374885	0
399213	0
449337	0
426652	0
416600	0
449002	0
414441	0
471941	0
437986	0
409245	0
447288	0
419893	0
461607	0
456730	0
381964	0
383326	0
435175	0
473785	0
433952	0
481378	0
389117	0
415518	0
420339	0
391847	0
403338	0
401930	0
377783	0
400247	0
474240	0
412130	0
430249	0
474873	0
399359	0
467602	0
419950	0
403975	0
435029	0
422407	0
394341	0
461031	0
457400	0
429645	0
468940	0
399699	0
404799	0
476652	0
408773	0
427990	0
468861	0
468473	0
427792	0
445995	0
402415	0
473879	0
425858	0
393769	0
463826	0
429389	0
419764	0
456490	0
467267	0
438030	0
449787	0
385051	0
424056	0
457753	0
377042	0
447101	0
398584	0
397131	0
426556	0
444000	0
452524	0
413921	0
469447	0
445339	0
408997	0
466237	0
391753	0
465875	0
415402	0
445293	0
392562	0
405834	0
399865	0
444168	0
425351	0
382115	0
527609	0
714580	0
543101	0
603824	0
571952	0
712768	0
716799	0
576638	0
706332	0
612312	0
672562	0
687672	0
663449	0
737026	0
531493	0
484632	0
685917	0
640760	0
724251	0
637365	0
728617	0
587503	0
532540	0
483790	0
688120	0
690132	0
726488	0
549881	0
578798	0
723627	0
685974	0
624831	0
696769	0
503557	0
487217	0
543203	0
734750	0
738361	0
638266	0
715564	0
609235	0
585310	0
661798	0
547166	0
580898	0
727635	0
550222	0
541298	0
626958	0
548956	0
697087	0
614137	0
670803	0
504109	0
632271	0
617485	0
712665	0
617321	0
701711	0
565945	0
615431	0
662167	0
709200	0
586682	0
684149	0
730761	0
648310	0
693381	0
483742	0
561058	0
667507	0
611401	0
664792	0
603787	0
676992	0
504252	0
589985	0
501696	0
563974	0
735367	0
584996	0
535543	0
623986	0
514361	0
558076	0
514820	0
666191	0
545223	0
666485	0
642384	0
629592	0
540478	0
563113	0
613274	0
645585	0
505824	0
618518	0
568377	0
717629	0
620684	0
663779	0
659618	0
506568	0
587133	0
521968	0
701984	0
625729	0
630377	0
738024	0
724048	0
640226	0
581583	0
518153	0
522774	0
630288	0
610574	0
556018	0
555041	0
690141	0
740928	0
715849	0
578296	0
555888	0
537525	0
725914	0
735817	0
577693	0
602994	0
578676	0
569805	0
498161	0
501017	0
487985	0
523153	0
606574	0
544297	0
499619	0
506786	0
693098	0
512125	0
489396	0
591886	0
612132	0
541893	0
649005	0
516903	0
686811	0
723447	0
590368	0
635515	0
738857	0
580700	0
488293	0
569228	0
652569	0
732631	0
563607	0
488824	0
610108	0
660708	0
592973	0
642613	0
696069	0
615303	0
684190	0
577126	0
678024	0
718153	0
602336	0
645605	0
488840	0
626076	0
511973	0
635317	0
686393	0
679402	0
670644	0
631767	0
677332	0
519574	0
525844	0
690671	0
618698	0
548481	0
518461	0
529829	0
539674	0
600493	0
552998	0
684126	0
535683	0
680315	0
585301	0
506234	0
554180	0
543973	0
601784	0
506687	0
520688	0
722544	0
670716	0
527953	0
607182	0
717033	0
681694	0
568058	0
654998	0
626820	0
734169	0
606812	0
664818	0
534495	0
556045	0
557999	0
601400	0
592931	0
622172	0
659498	0
727768	0
709514	0
618107	0
537933	0
648392	0
737752	0
562591	0
720996	0
540288	0
682800	0
502165	0
595320	0
679826	0
691305	0
657617	0
561491	0
682821	0
613793	0
647973	0
612301	0
499175	0
640704	0
737537	0
698338	0
693623	0
552144	0
514899	0
569505	0
663499	0
671415	0
503485	0
665749	0
639492	0
640016	0
722106	0
546446	0
636331	0
559180	0
541924	0
710963	0
500542	0
562514	0
564845	0
714712	0
528301	0
496945	0
534765	0
485604	0
629162	0
717082	0
616329	0
662682	0
632268	0
612428	0
619582	0
600373	0
698917	0
668825	0
688302	0
636898	0
598802	0
710212	0
561210	0
496856	0
608790	0
557798	0
577646	0
519603	0
635402	0
653915	0
489128	0
670288	0
490911	0
588318	0
643563	0
553556	0
619607	0
696752	0
557585	0
523251	0
672397	0
708258	0
704357	0
563227	0
579249	0
582501	0
682025	0
536728	0
509888	0
628889	0
692050	0
643035	0
597663	0
527742	0
658315	0
740798	0
603965	0
510444	0
534883	0
497929	0
698703	0
558356	0
686642	0
708038	0
681018	0
588767	0
536076	0
559187	0
560001	0
628005	0
600862	0
490960	0
594826	0
563782	0
